Number of finished trials: 15
Best trial:
Value: 0.864323183808543
Params: 
    max_depth: 3
    learning_rate: 0.05131722696958368
    n_estimators: 699
    min_child_weight: 8
    subsample: 0.8525227015814257
    colsample_bytree: 0.9751378901209602
    lambda: 0.00048582449155336094
