Number of finished trials: 15
Best trial:
Value: 0.9687643288380505
Params: 
    max_depth: 3
    learning_rate: 0.045741426089627384
    n_estimators: 1372
    min_child_weight: 1
    subsample: 0.9891867289411671
    colsample_bytree: 0.8329313412150042
    lambda: 0.0005601669689123906
