Number of finished trials: 15
Best trial:
Value: 0.9584552449136858
Params: 
    max_depth: 3
    learning_rate: 0.06811032774791714
    n_estimators: 1082
    min_child_weight: 10
    subsample: 0.8631160530277874
    colsample_bytree: 0.8940017339050486
    lambda: 0.0007216447863661632
