Number of finished trials: 15
Best trial:
Value: 0.95428157964029
Params: 
    max_depth: 3
    learning_rate: 0.06367336190732335
    n_estimators: 1400
    min_child_weight: 5
    subsample: 0.9502717355539175
    colsample_bytree: 0.9978922811304531
    lambda: 0.0003119546194978744
