Number of finished trials: 15
Best trial:
Value: 0.9359377573810844
Params: 
    max_depth: 3
    learning_rate: 0.047519243579666755
    n_estimators: 1444
    min_child_weight: 4
    subsample: 0.8307560689195884
    colsample_bytree: 0.9709039172271684
    lambda: 0.0009402389676589612
