Number of finished trials: 15
Best trial:
Value: 0.9124820898459131
Params: 
    max_depth: 3
    learning_rate: 0.01976391266883295
    n_estimators: 1210
    min_child_weight: 2
    subsample: 0.9618939727189801
    colsample_bytree: 0.8906010231952615
    lambda: 0.0008083612803111625
