Number of finished trials: 15
Best trial:
Value: 0.9955931212595658
Params: 
    max_depth: 4
    learning_rate: 0.03744965077894956
    n_estimators: 437
    min_child_weight: 3
    subsample: 0.9108200444391731
    colsample_bytree: 0.9816735920800785
