Number of finished trials: 15
Best trial:
Value: 0.9324106540901014
Params: 
    max_depth: 3
    learning_rate: 0.042076728177119785
    n_estimators: 466
    min_child_weight: 7
    subsample: 0.8626555844170856
    colsample_bytree: 0.907663466245536
    lambda: 8.462623075588216e-05
