Number of finished trials: 15
Best trial:
Value: 0.9620177260153826
Params: 
    max_depth: 3
    learning_rate: 0.048296773172926404
    n_estimators: 1033
    min_child_weight: 1
    subsample: 0.8319787574028444
    colsample_bytree: 0.8632667477982185
    lambda: 0.0008617843336239533
