Number of finished trials: 15
Best trial:
Value: 0.9454998908868824
Params: 
    max_depth: 3
    learning_rate: 0.013288859334389285
    n_estimators: 1338
    min_child_weight: 2
    subsample: 0.9020608490455118
    colsample_bytree: 0.8837919813118815
    lambda: 0.0004117779332810033
