Number of finished trials: 15
Best trial:
Value: 0.9503170778985301
Params: 
    max_depth: 4
    learning_rate: 0.06064988028672293
    n_estimators: 1338
    min_child_weight: 8
    subsample: 0.9259106939020791
    colsample_bytree: 0.9471002176259411
    lambda: 0.00023096553155314625
