Number of finished trials: 15
Best trial:
Value: 0.9435548811749562
Params: 
    max_depth: 4
    learning_rate: 0.04870429501533119
    n_estimators: 1353
    min_child_weight: 3
    subsample: 0.8605847212810396
    colsample_bytree: 0.9617354747442936
    lambda: 0.0009420420270963459
