Number of finished trials: 15
Best trial:
Value: 0.8777515176708723
Params: 
    max_depth: 3
    learning_rate: 0.018798777274280275
    n_estimators: 992
    min_child_weight: 7
    subsample: 0.8907148957158189
    colsample_bytree: 0.8725301141360942
    lambda: 0.0004985254280533546
