Number of finished trials: 15
Best trial:
Value: 0.9392102477391694
Params: 
    max_depth: 3
    learning_rate: 0.08744772061979611
    n_estimators: 345
    min_child_weight: 3
    subsample: 0.9047574488045158
    colsample_bytree: 0.8978554990847045
    lambda: 0.00024145159350583023
