Number of finished trials: 15
Best trial:
Value: 0.9670300792057149
Params: 
    max_depth: 3
    learning_rate: 0.09173247722939047
    n_estimators: 684
    min_child_weight: 3
    subsample: 0.9729689387759897
    colsample_bytree: 0.9460195492563989
    lambda: 0.0008109762043020531
