Number of finished trials: 15
Best trial:
Value: 0.9551721536472868
Params: 
    max_depth: 3
    learning_rate: 0.06550469730845603
    n_estimators: 777
    min_child_weight: 5
    subsample: 0.9307336208419725
    colsample_bytree: 0.8280806633023983
    lambda: 0.000781823481696876
