Number of finished trials: 15
Best trial:
Value: 0.9593893928780597
Params: 
    max_depth: 3
    learning_rate: 0.05852410634049844
    n_estimators: 673
    min_child_weight: 4
    subsample: 0.8691093533531187
    colsample_bytree: 0.9236898280914507
    lambda: 0.0008128477162015195
