Number of finished trials: 15
Best trial:
Value: 0.9481868102885687
Params: 
    max_depth: 4
    learning_rate: 0.05959487509302519
    n_estimators: 1425
    min_child_weight: 2
    subsample: 0.9868562000029237
    colsample_bytree: 0.9995423378545651
    lambda: 0.0005924141419740113
