Number of finished trials: 15
Best trial:
Value: 0.9620346696108413
Params: 
    max_depth: 3
    learning_rate: 0.06710308027014505
    n_estimators: 538
    min_child_weight: 4
    subsample: 0.8351718218500961
    colsample_bytree: 0.8296786454745906
    lambda: 0.0009432692108547788
