Number of finished trials: 15
Best trial:
Value: 0.963188809256792
Params: 
    max_depth: 3
    learning_rate: 0.034045179668497925
    n_estimators: 1043
    min_child_weight: 2
    subsample: 0.8241515548893119
    colsample_bytree: 0.9309725820569467
    lambda: 0.0004864303074845238
