Number of finished trials: 15
Best trial:
Value: 0.950295180339633
Params: 
    max_depth: 4
    learning_rate: 0.05257053300520657
    n_estimators: 1234
    min_child_weight: 3
    subsample: 0.8893185962180237
    colsample_bytree: 0.8324607089429237
    lambda: 0.00029906298778724285
