Number of finished trials: 15
Best trial:
Value: 0.8688605004837499
Params: 
    max_depth: 3
    learning_rate: 0.02496406326430032
    n_estimators: 800
    min_child_weight: 9
    subsample: 0.9767297951901025
    colsample_bytree: 0.877919421463537
    lambda: 1.759083226234093e-05
