Number of finished trials: 15
Best trial:
Value: 0.948592273571974
Params: 
    max_depth: 3
    learning_rate: 0.04262880303701109
    n_estimators: 1081
    min_child_weight: 5
    subsample: 0.897549401593138
    colsample_bytree: 0.8338662908654086
    lambda: 0.0006918171929014513
