Number of finished trials: 15
Best trial:
Value: 0.9576879385784982
Params: 
    max_depth: 3
    learning_rate: 0.09170506732478081
    n_estimators: 1327
    min_child_weight: 7
    subsample: 0.8662850282259285
    colsample_bytree: 0.8219980694244953
    lambda: 0.000523039955392016
