Number of finished trials: 15
Best trial:
Value: 0.9482718158594853
Params: 
    max_depth: 3
    learning_rate: 0.09965561692015358
    n_estimators: 583
    min_child_weight: 8
    subsample: 0.9230053930995263
    colsample_bytree: 0.8952653423965781
    lambda: 0.0001128084801644319
