Number of finished trials: 15
Best trial:
Value: 0.9481566494276924
Params: 
    max_depth: 3
    learning_rate: 0.01880164255680324
    n_estimators: 1397
    min_child_weight: 1
    subsample: 0.8060682360864316
    colsample_bytree: 0.9621086505918368
    lambda: 9.943474915112083e-05
