Number of finished trials: 15
Best trial:
Value: 0.9689772425610119
Params: 
    max_depth: 3
    learning_rate: 0.055273205592944956
    n_estimators: 1442
    min_child_weight: 3
    subsample: 0.8482752513184015
    colsample_bytree: 0.9495866390563352
    lambda: 0.00041940507161173534
