Number of finished trials: 15
Best trial:
Value: 0.9591104212809954
Params: 
    max_depth: 3
    learning_rate: 0.07724480033925119
    n_estimators: 1383
    min_child_weight: 5
    subsample: 0.9542296216146574
    colsample_bytree: 0.9730088744637992
    lambda: 0.0008154987608729064
