Number of finished trials: 15
Best trial:
Value: 0.9523960063183727
Params: 
    max_depth: 3
    learning_rate: 0.0646722942664813
    n_estimators: 1388
    min_child_weight: 7
    subsample: 0.9007425780971718
    colsample_bytree: 0.8910178079252455
    lambda: 0.0002855386690076809
