Number of finished trials: 15
Best trial:
Value: 0.9491196020617061
Params: 
    max_depth: 3
    learning_rate: 0.09700204392847156
    n_estimators: 312
    min_child_weight: 9
    subsample: 0.9703012316489862
    colsample_bytree: 0.8009847154670126
    lambda: 0.0008834307874437447
