Number of finished trials: 15
Best trial:
Value: 0.9599668478446807
Params: 
    max_depth: 3
    learning_rate: 0.09673281595018003
    n_estimators: 1417
    min_child_weight: 7
    subsample: 0.8821833455866677
    colsample_bytree: 0.9181702723976647
    lambda: 0.00024231565723639725
