Number of finished trials: 15
Best trial:
Value: 0.9524213735569029
Params: 
    max_depth: 3
    learning_rate: 0.09184797025684502
    n_estimators: 667
    min_child_weight: 7
    subsample: 0.8666129316492501
    colsample_bytree: 0.8313201205705477
    lambda: 0.0009189055307320549
