Number of finished trials: 15
Best trial:
Value: 0.9559104552285739
Params: 
    max_depth: 3
    learning_rate: 0.08377169701836719
    n_estimators: 1392
    min_child_weight: 9
    subsample: 0.8500345963978149
    colsample_bytree: 0.9471682949047837
    lambda: 0.0003174806442002892
