Number of finished trials: 15
Best trial:
Value: 0.9497679477946193
Params: 
    max_depth: 4
    learning_rate: 0.04392393835167295
    n_estimators: 1194
    min_child_weight: 2
    subsample: 0.801779400742336
    colsample_bytree: 0.9499318702681193
    lambda: 0.0008171022990527039
