Number of finished trials: 15
Best trial:
Value: 0.9531962987897644
Params: 
    max_depth: 3
    learning_rate: 0.09008041873139688
    n_estimators: 579
    min_child_weight: 7
    subsample: 0.9626608221108575
    colsample_bytree: 0.9411268371567355
    lambda: 0.0006986598178126008
