Number of finished trials: 15
Best trial:
Value: 0.9670908611050454
Params: 
    max_depth: 2
    learning_rate: 0.08696434521006273
    n_estimators: 1097
    min_child_weight: 2
    subsample: 0.9421372047906507
    colsample_bytree: 0.8674876625405852
    lambda: 0.0006697661105631075
