Number of finished trials: 15
Best trial:
Value: 0.8889339105379026
Params: 
    max_depth: 3
    learning_rate: 0.06355149053739911
    n_estimators: 831
    min_child_weight: 5
    subsample: 0.8054257447211859
    colsample_bytree: 0.9177574213443697
    lambda: 0.0008669827946378784
