Number of finished trials: 15
Best trial:
Value: 0.9399572399859558
Params: 
    max_depth: 3
    learning_rate: 0.03954180203958016
    n_estimators: 1133
    min_child_weight: 1
    subsample: 0.81834504211205
    colsample_bytree: 0.8484075460014369
    lambda: 0.0009607927928235321
