Number of finished trials: 15
Best trial:
Value: 0.9149434491262796
Params: 
    max_depth: 2
    learning_rate: 0.07814763841456475
    n_estimators: 453
    min_child_weight: 9
    subsample: 0.8790798437616345
    colsample_bytree: 0.800635421473022
    lambda: 0.00028077203508416505
