Number of finished trials: 15
Best trial:
Value: 0.8550336517326096
Params: 
    max_depth: 3
    learning_rate: 0.03616881973336496
    n_estimators: 795
    min_child_weight: 5
    subsample: 0.8389995803385482
    colsample_bytree: 0.8543903478885319
    lambda: 5.687691959341779e-05
