Number of finished trials: 15
Best trial:
Value: 0.8778099226323134
Params: 
    max_depth: 3
    learning_rate: 0.030055642678929267
    n_estimators: 334
    min_child_weight: 4
    subsample: 0.9024645563829508
    colsample_bytree: 0.8301079326790016
    lambda: 2.751104461409315e-05
